117254 3433
117256 3434
117257 3436
117258 3432
117260 3438
117264 3443
117265 3452
117267 3448
117268 3449
117269 3450
117270 3451
117272 3453
117280 3464
117291 3499
11 12
143882 4252
143885 4255
143888 4258
143890 4262
143893 4265
143894 4263
143897 4270
167393 4958
167394 4959
167395 4960
167396 4961
167397 4964
167400 4965
167403 23080
17 19
184932 5502
184933 5503
184935 5507
184936 5506
184939 5508
184940 5515
184941 5509
184950 5516
198183 5952
198184 5954
198185 19554
19 20
208812 6253
208813 6256
208814 6254
208815 6255
208817 6257
208825 6259
220600 7213
220602 22093
229934 6863
229935 6866
229936 6864
229937 6865
229939 6878
229942 6872
242789 6593
242790 6592
242793 6595
242794 6597
242796 6600
242798 22714
253862 7459
253864 7460
253866 7461
264886 7794
264887 7793
264888 7798
275547 8111
275548 20378
275549 8112
282782 8346
282787 8352
289387 8521
289389 8522
294869 8731
29 34
300906 8888
300908 8889
307492 9074
313693 9237
313695 9239
319730 9584
319731 9585
319732 9586
319733 9587
324123 9427
324124 9428
329508 9702
329509 9704
329510 9706
329511 9707
329512 9708
333424 9855
333425 9856
333426 9857
333427 9858
333428 23340
333429 9859
333430 9860
338446 10014
342446 10134
342447 10135
342449 10137
345872 10251
345874 10253
345875 10254
345876 10255
348901 10446
348902 10447
348903 10448
348905 10450
348906 10452
352426 10360
355724 10569
355726 10571
358608 10665
358609 10666
360923 11029
360924 20641
360925 11030
360926 11031
362994 10732
362996 22432
362998 18969
366407 10846
366408 10847
368843 11163
368844 11164
368845 11165
371126 10913
371127 10914
371128 10915
372754 11081
372755 11082
375073 11370
375074 11372
377655 11581
377656 11582
377657 17452
377658 11583
377659 11584
379803 10954
379804 10956
379805 10955
379808 10960
37 40
382215 11657
382216 11658
383978 11465
386269 11289
386270 11290
386271 11291
388544 11716
390932 12167
390933 12168
392276 11513
392277 11514
392278 11515
392279 11516
392280 11517
394621 11233
394622 11235
394624 11236
396630 12207
398784 11962
400973 12516
400974 17814
400975 12517
402555 11880
402556 11881
402557 11882
402558 11883
402559 11885
404817 11814
406943 11773
408534 12287
408535 12288
410037 12444
411449 12087
411451 12089
411452 12090
414917 12338
414918 12339
414919 12340
416713 12386
418335 12485
418336 12486
419618 12958
419619 22561
419621 23032
419622 12960
421555 13016
421557 13017
421559 13018
422754 12674
422755 12675
422756 12676
424288 12788
424289 12789
424291 12790
425719 12828
427212 13304
428177 13989
428178 17976
428179 13990
429471 13746
429472 14833
429474 13748
430864 12723
430865 12724
430866 12725
430867 12726
432106 12560
432107 12561
432108 12562
432109 12563
433289 13055
434356 13239
435752 12893
435753 12894
436932 13346
436933 13347
438148 12610
439099 13786
440407 13097
440408 13098
440409 13099
440410 13100
441709 13274
443049 13392
444134 12636
444135 12637
445626 14048
445627 14049
445628 22011
446665 13171
446666 13172
446667 13173
446668 13174
446669 13175
446670 13176
447914 13591
448830 13631
449658 13129
449659 13130
44 41
450916 13661
450917 13662
452031 13215
452032 13216
452978 14022
452979 14023
452980 14024
452981 14025
454171 13906
454172 13907
455293 13514
458470 13685
458471 13686
458472 13687
459557 13474
459559 13476
45 36
460722 13824
460723 13825
460724 13827
460725 13826
460726 13828
461785 14141
462710 13943
465255 13429
465256 13431
466549 14210
466550 14211
467415 14391
467416 14392
468590 13547
469487 14278
469488 14279
470345 14177
471248 14487
471249 14488
471996 14506
472548 14648
63866 1838
63867 1839
63868 1841
63869 1842
63870 1840
63871 1843
63881 22458
63890 23331
63892 1857
63909 1855
8 4
96763 2794
96765 2796
96773 2797
96774 2802
