3433
3434
3436
3432
3438
3443
3452
3448
3449
3450
3451
3453
3464
3499
12
4252
4255
4258
4262
4265
4263
4270
4958
4959
4960
4961
4964
4965
23080
19
5502
5503
5507
5506
5508
5515
5509
5516
5952
5954
19554
20
6253
6256
6254
6255
6257
6259
7213
22093
6863
6866
6864
6865
6878
6872
6593
6592
6595
6597
6600
22714
7459
7460
7461
7794
7793
7798
8111
20378
8112
8346
8352
8521
8522
8731
34
8888
8889
9074
9237
9239
9584
9585
9586
9587
9427
9428
9702
9704
9706
9707
9708
9855
9856
9857
9858
23340
9859
9860
10014
10134
10135
10137
10251
10253
10254
10255
10446
10447
10448
10450
10452
10360
10569
10571
10665
10666
11029
20641
11030
11031
10732
22432
18969
10846
10847
11163
11164
11165
10913
10914
10915
11081
11082
11370
11372
11581
11582
17452
11583
11584
10954
10956
10955
10960
40
11657
11658
11465
11289
11290
11291
11716
12167
12168
11513
11514
11515
11516
11517
11233
11235
11236
12207
11962
12516
17814
12517
11880
11881
11882
11883
11885
11814
11773
12287
12288
12444
12087
12089
12090
12338
12339
12340
12386
12485
12486
12958
22561
23032
12960
13016
13017
13018
12674
12675
12676
12788
12789
12790
12828
13304
13989
17976
13990
13746
14833
13748
12723
12724
12725
12726
12560
12561
12562
12563
13055
13239
12893
12894
13346
13347
12610
13786
13097
13098
13099
13100
13274
13392
12636
12637
14048
14049
22011
13171
13172
13173
13174
13175
13176
13591
13631
13129
13130
41
13661
13662
13215
13216
14022
14023
14024
14025
13906
13907
13514
13685
13686
13687
13474
13476
36
13824
13825
13827
13826
13828
14141
13943
13429
13431
14210
14211
14391
14392
13547
14278
14279
14177
14487
14488
14506
14648
1838
1839
1841
1842
1840
1843
22458
23331
1857
1855
4
2794
2796
2797
2802
