54
3486
136
3436
4
15183
2844
6275
12088
1921
8732
15626
5516
2828
15876
6274
1888
61
28539
8742
4261
9
15169
10364
11375
8729
13908
14427
15045
12638
4258
10015
1879
10252
12341
13478
15427
86
13549
11167
12677
14566
9711
11374
12896
10258
13859
6875
4274
4969
9242
14963
8345
6885
14904
15231
2808
24397
3500
1887
8519
9238
15230
13240
1934
15020
15146
1905
13017
4978
27215
7461
4987
4983
7478
14520
4314
4992
16289
2846
5513
10139
15334
2840
47
15404
97
24378
15893
14930
4256
14757
7222
4272
5508
14760
13306
14305
11373
14728
14980
13746
50
10670
15587
1878
10955
1900
7803
6880
4289
7463
9867
1894
14813
15493
160
10579
12388
5006
13688
15278
8890
25059
9856
11658
9076
15118
14522
15245
37
12961
11965
27
15586
250
9864
11884
10017
4263
22990
15875
23986
15814
24
14431
91
9866
8730
16245
7810
4979
14345
4288
15147
12639
2799
5515
126
833
1837
5953
6297
14950
4255
2795
15403
8349
3502
35
12500
8736
2849
12725
6882
26100
10020
2807
83
6314
1856
10019
4293
3435
13280
15244
11721
7221
15022
6273
14814
4975
14433
8354
4962
9246
15815
3492
9244
7467
14587
24006
1847
58
15168
10736
12829
5636
4968
51
14464
8524
110
15494
4970
6868
9436
15718
15383
8124
1910
14521
23597
2794
28875
14561
4259
2848
13475
11814
7218
14834
4275
6253
11376
9071
15065
107
4972
1870
16895
1896
8110
9861
15023
5952
123
8113
1865
12211
69
120
9712
12727
104
15426
4276
11234
14833
14649
77
3485
14306
11166
3456
2802
11817
13663
10256
1903
15751
11033
6597
8346
7476
5968
6256
1861
5962
27357
5502
14612
4324
8734
5956
14079
2818
15281
2824
7211
1866
2865
14981
7795
7805
4267
2815
15408
15311
14081
6278
64
15363
66
3434
4269
4980
307
7584
2819
8886
4964
8885
30420
7
71
15495
6261
7214
1
13432
11293
