57 54
117312 3486
153 136
117282 3436
31 4
505586 15183
96811 2844
208841 6275
411450 12088
63938 1921
294880 8732
504559 15626
184937 5516
96799 2828
515297 15876
208833 6274
63919 1888
51 61
408538 28539
294877 8742
143892 4261
9 9
516102 15169
352429 10364
375079 11375
294876 8729
454173 13908
477328 14427
482155 15045
444136 12638
143907 4258
338452 10015
63915 1879
345873 10252
414920 12341
459561 13478
495452 15427
93 86
468591 13549
368848 11167
422757 12677
479943 14566
329514 9711
375076 11374
435755 12896
345878 10258
464165 13859
229947 6875
143927 4274
167416 4969
313699 9242
503987 14963
282780 8345
229959 6885
486046 14904
499024 15231
96783 2808
63952 24397
117313 3500
63920 1887
289391 8519
313694 9238
499022 15230
434359 13240
63880 1934
511303 15020
501725 15146
63932 1905
421556 13017
167419 4978
184960 27215
253871 7461
167429 4987
167426 4983
253882 7478
485057 14520
143920 4314
167436 4992
523548 16289
96818 2846
184948 5513
342451 10139
503437 15334
96798 2840
27 47
506153 15404
83 97
253876 24378
511920 15893
496788 14930
143930 4256
487744 14757
220615 7222
143905 4272
184934 5508
487746 14760
427214 13306
476266 14305
375077 11373
488531 14728
505100 14980
429473 13746
46 50
358613 10670
514274 15587
63916 1878
379806 10955
63922 1900
264895 7803
229949 6880
143915 4289
253867 7463
333438 9867
63930 1894
490814 14813
494711 15493
38 160
355732 10579
416716 12388
167439 5006
458473 13688
489206 15278
300910 8890
358611 25059
333432 9856
382217 11658
307493 9076
490082 15118
485061 14522
494012 15245
48 37
419626 12961
398788 11965
107 27
514272 15586
52 250
333431 9864
402560 11884
338449 10017
143911 4263
289393 22990
515296 15875
501210 23986
517272 15814
22 24
477332 14431
88 91
333435 9866
294875 8730
517899 16245
264900 7810
167417 4979
481430 14345
143929 4288
501727 15147
444137 12639
96767 2799
184949 5515
50 126
61 833
63887 1837
198186 5953
208821 6297
509709 14950
143921 4255
96764 2795
506151 15403
282791 8349
117321 3502
34 35
418337 12500
294874 8736
96817 2849
430870 12725
229951 6882
289396 26100
338450 10020
96775 2807
89 83
208840 6314
63884 1856
338451 10019
143924 4293
117274 3435
441710 13280
494011 15244
388549 11721
220614 7221
511304 15022
208835 6273
490815 14814
167412 4975
477335 14433
282788 8354
167399 4962
313697 9246
517274 15815
117309 3492
313701 9244
253870 7467
475016 14587
96796 24006
63886 1847
62 58
516101 15168
362999 10736
425720 12829
184953 5636
167404 4968
49 51
480802 14464
289392 8524
132 110
494712 15494
167405 4970
229938 6868
324134 9436
513845 15718
518682 15383
275552 8124
63956 1910
485059 14521
516103 23597
96766 2794
363002 28875
479938 14561
143891 4259
96813 2848
459558 13475
404818 11814
220610 7218
475620 14834
143909 4275
208816 6253
375078 11376
307489 9071
499705 15065
102 107
167407 4972
63902 1870
410038 16895
63934 1896
275554 8110
333437 9861
511305 15023
198191 5952
130 123
275550 8113
63885 1865
396634 12211
55 69
123 120
329515 9712
430868 12727
110 104
495451 15426
143912 4276
394623 11234
475619 14833
472549 14649
69 77
117305 3485
476267 14306
368846 11166
117276 3456
96815 2802
404821 11817
450918 13663
345877 10256
63924 1903
498522 15751
360927 11033
242795 6597
282781 8346
253877 7476
198199 5968
208829 6256
63897 1861
198192 5962
360929 27357
184956 5502
491426 14612
143904 4324
294871 8734
198189 5956
478219 14079
96787 2818
489208 15281
96789 2824
220603 7211
63904 1866
96800 2865
505101 14981
264889 7795
264894 7805
143899 4267
96781 2815
506152 15408
502371 15311
478220 14081
208836 6278
39 64
510585 15363
81 66
117289 3434
143900 4269
167432 4980
36 307
253872 7584
96797 2819
300909 8886
167410 4964
300907 8885
307497 30420
99 7
75 71
494713 15495
208823 6261
220605 7214
14 1
465257 13432
386275 11293
