57
117312
153
117282
31
505586
96811
208841
411450
63938
294880
504559
184937
96799
515297
208833
63919
51
408538
294877
143892
9
516102
352429
375079
294876
454173
477328
482155
444136
143907
338452
63915
345873
414920
459561
495452
93
468591
368848
422757
479943
329514
375076
435755
345878
464165
229947
143927
167416
313699
503987
282780
229959
486046
499024
96783
63952
117313
63920
289391
313694
499022
434359
63880
511303
501725
63932
421556
167419
184960
253871
167429
167426
253882
485057
143920
167436
523548
96818
184948
342451
503437
96798
27
506153
83
253876
511920
496788
143930
487744
220615
143905
184934
487746
427214
476266
375077
488531
505100
429473
46
358613
514274
63916
379806
63922
264895
229949
143915
253867
333438
63930
490814
494711
38
355732
416716
167439
458473
489206
300910
358611
333432
382217
307493
490082
485061
494012
48
419626
398788
107
514272
52
333431
402560
338449
143911
289393
515296
501210
517272
22
477332
88
333435
294875
517899
264900
167417
481430
143929
501727
444137
96767
184949
50
61
63887
198186
208821
509709
143921
96764
506151
282791
117321
34
418337
294874
96817
430870
229951
289396
338450
96775
89
208840
63884
338451
143924
117274
441710
494011
388549
220614
511304
208835
490815
167412
477335
282788
167399
313697
517274
117309
313701
253870
475016
96796
63886
62
516101
362999
425720
184953
167404
49
480802
289392
132
494712
167405
229938
324134
513845
518682
275552
63956
485059
516103
96766
363002
479938
143891
96813
459558
404818
220610
475620
143909
208816
375078
307489
499705
102
167407
63902
410038
63934
275554
333437
511305
198191
130
275550
63885
396634
55
123
329515
430868
110
495451
143912
394623
475619
472549
69
117305
476267
368846
117276
96815
404821
450918
345877
63924
498522
360927
242795
282781
253877
198199
208829
63897
198192
360929
184956
491426
143904
294871
198189
478219
96787
489208
96789
220603
63904
96800
505101
264889
264894
143899
96781
506152
502371
478220
208836
39
510585
81
117289
143900
167432
36
253872
96797
300909
167410
300907
307497
99
75
494713
208823
220605
14
465257
386275
