117251
117254
117255
117256
117257
117258
117260
117263
117264
117265
117266
117267
117268
117269
117270
117272
117280
117291
11
143881
143882
143883
143884
143885
143886
143887
143888
143889
143890
143893
143894
143896
143897
143898
167393
167394
167395
167396
167397
167400
167403
17
184932
184933
184935
184936
184938
184939
184940
184941
184950
184957
198183
198184
198185
19
208812
208813
208814
208815
208817
208825
220596
220597
220598
220599
220600
220602
229934
229935
229936
229937
229939
229942
242789
242790
242791
242793
242794
242796
242797
242798
253862
253864
253866
264884
264886
264887
264888
264890
264892
275547
275548
275549
282782
282783
282784
282787
289386
289387
289389
289395
294867
294868
294869
294870
294873
29
300904
300905
300906
300908
307485
307486
307487
307488
307491
307492
313693
313695
319730
319731
319732
319733
324123
324124
329508
329509
329510
329511
329512
333424
333425
333426
333427
333428
333429
333430
338446
342446
342447
342448
342449
342450
345872
345874
345875
345876
348901
348902
348903
348905
348906
352426
355724
355726
358608
358609
360923
360924
360925
360926
362994
362995
362996
362997
362998
366407
366408
368843
368844
368845
371126
371127
371128
372754
372755
375073
375074
377655
377656
377657
377658
377659
379803
379804
379805
379808
37
382215
382216
383975
383976
383977
383978
383979
386269
386270
386271
388544
388545
388546
390932
390933
392276
392277
392278
392279
392280
394621
394622
394624
396628
396629
396630
398784
400973
400974
400975
402555
402556
402557
402558
402559
404817
406941
406942
406943
408534
408535
410037
411449
411451
411452
413372
413373
414917
414918
414919
416713
418335
418336
419618
419619
419620
419621
419622
419624
421555
421557
421559
422754
422755
422756
424288
424289
424291
425719
427211
427212
427213
428177
428178
428179
429471
429472
429474
430864
430865
430866
430867
432106
432107
432108
432109
433289
434356
434357
434358
435752
435753
436932
436933
438148
439099
440407
440408
440409
440410
441709
443049
443050
443051
443052
444134
444135
445626
445627
445628
446665
446666
446667
446668
446669
446670
447914
448830
449658
449659
44
450916
450917
452031
452032
452978
452979
452980
452981
454171
454172
455291
455292
455293
456326
456327
457431
457432
458470
458471
458472
459557
459559
45
460722
460723
460724
460725
460726
461785
462710
464163
464164
465255
465256
466549
466550
467415
467416
468590
469487
469488
470345
471248
471249
471996
471997
471998
472548
63865
63866
63867
63868
63869
63870
63871
63872
63877
63881
63889
63890
63892
63909
8
96763
96765
96773
96774
